3282 5
409154 435528
409151 435683
409277 435420
409260 435538
409240 435695
409213 435897
409199 435982
409178 436078
409174 436171
409147 436256
409469 435389
409378 435463
409378 435563
409351 435734
409328 435891
409275 435982
409289 436065
409272 436188
409208 436263
409754 435326
409609 435201
409565 435307
409577 435510
409515 435614
409478 435707
409442 435810
409442 435913
409408 436075
409344 436201
409398 436213
409638 435143
409683 435349
409670 435514
409620 435615
409688 435618
409624 435752
409570 435942
409541 436090
409512 436236
409216 435826
409158 435820
408777 434870
408731 434657
408808 434639
408840 435022
408932 434976
408897 434650
409050 434674
409033 434769
408906 434723
409262 434873
409090 434982
409020 435056
409262 435017
409210 435093
409109 435153
409192 435244
409298 435127
409302 435225
409264 435295
409372 434355
409426 434622
409452 434831
409553 435074
409434 435030
409479 434592
409517 434818
409539 434954
409038 435235
409167 435416
408778 434739
409411 434362
409822 435466
409811 435545
409765 435617
409812 435857
409792 435978
409837 436155
409711 436281
409969 435509
409944 435714
410041 435866
409946 436015
410015 436193
410067 435592
410073 436039
410113 436329
410204 436314
409645 436119
410120 436189
409875 435755
410180 436398
410244 436276
410224 436222
410435 436784
409573 436533
409575 436677
409553 436813
409546 436882
409701 436391
409691 436539
409680 436697
409667 436825
409657 436892
409858 436418
409795 436554
409788 436708
409768 436873
409900 436600
409863 436728
409923 436735
409874 436894
410006 436607
410003 436738
410006 436804
409960 436901
410014 436903
409816 437011
409851 437111
409908 437121
409887 437205
410120 436627
410099 436799
410072 436904
410234 436518
410205 436634
410213 436728
410212 436795
410320 436562
410324 436701
410107 437014
410201 436904
410140 436494
409026 436332
408906 436537
408865 436634
408849 436707
408791 436841
409016 436511
408946 436666
408921 436738
408872 436787
408903 436834
409160 436346
409102 436513
409007 436747
408951 436887
409261 436338
409213 436540
409150 436607
409114 436740
409065 436786
409057 436848
409174 436708
409136 436838
409322 436406
409255 436694
409213 436836
409372 436561
409286 436828
409355 436788
409482 436380
409456 436520
409442 436668
409429 436834
408514 436845
408597 436868
408644 436892
408796 436835
408540 437065
408583 437237
408527 437366
408594 437376
408888 436863
408565 437599
408545 437681
408527 437748
408951 436887
408820 438043
408509 437808
408452 437609
408513 437851
408340 438041
408150 438072
407912 438096
407770 438137
408324 438173
408060 438155
408017 438207
407883 438198
407836 438241
407786 438283
407767 438346
408217 438296
408136 438201
407954 438266
407909 438315
407846 438353
408092 438385
408020 438318
408058 438464
407955 438381
407860 438537
407737 438481
407982 438504
407983 438592
407795 438678
408083 438264
408546 438018
408463 438154
408432 438244
408295 438398
408211 438476
408169 438535
408112 438676
408028 438785
408564 438192
408528 438278
408412 438348
408384 438489
408290 438520
408246 438597
408219 438664
408143 438799
408702 438068
408651 438218
408506 438379
408465 438468
408379 438566
408402 438657
408260 438842
408217 438907
408739 438160
408705 438253
408975 438259
408579 438400
408538 438474
408814 438176
408866 438305
408772 438396
408658 438413
408610 438524
408876 438203
408932 438221
408922 438900
409062 438787
409017 438732
409054 438639
408170 438725
408240 438763
408899 438696
408840 438740
408792 438773
407946 438805
408024 438904
407893 438867
407967 438952
407880 438944
408819 438910
408760 438831
408729 438872
408706 438917
408749 438964
408236 438544
408290 438580
407181 440792
407060 440910
406926 440956
406968 440905
407053 440800
406796 440985
406867 440744
406812 440767
406764 440803
406705 440805
406695 440684
406746 440656
406791 440618
406830 440566
406867 440620
406894 440527
406922 440582
406915 440713
406761 440922
407004 441033
407181 440792
406585 439635
406684 439710
406733 439779
406799 439923
406791 440618
406830 440566
406867 440620
406894 440527
406922 440582
406708 439579
406627 439494
406602 439552
406510 439468
406324 439425
407457 439737
404644 434739
404588 434800
404592 434695
404555 434632
404512 434735
404525 434565
404458 434640
404488 434505
404474 434439
404422 434382
404313 434289
404278 434236
404238 434194
404162 434275
404191 434156
404110 434232
404148 434107
404071 434197
404112 434062
404032 434152
404064 434028
403988 434104
404148 433945
403944 434064
404099 433906
404024 433980
403987 433938
403892 434029
403941 433895
403853 433982
403900 433858
403810 433945
403853 433813
403763 433906
403810 433769
404595 434465
404185 433984
404233 434029
404594 434899
404490 434907
404254 434522
404177 434547
404259 434673
404099 434449
404198 434705
404122 434584
404001 434548
404044 434495
403903 434415
403936 434355
403802 434359
403964 434296
403820 434302
403847 434248
403653 434187
403631 434256
403618 434319
403779 434428
403845 434457
404403 435013
404417 434962
404269 434871
404343 434647
404708 434594
404359 434325
403443 433558
403726 433683
403709 434401
403610 434375
403807 433610
403847 433647
403898 433699
403953 433746
403659 433664
403605 433665
403547 433661
403491 433662
403436 433658
403384 433648
403329 433652
403278 433650
403276 433747
403334 433742
403386 433757
403438 433761
403492 433766
403546 433767
403602 433768
403655 433784
403302 434035
403372 434024
403463 434007
403552 434006
403458 434126
403375 434118
403300 434135
403324 434259
403386 434249
403644 434126
403389 434366
403458 434346
403588 434072
402488 433898
409662 434465
409591 434570
409610 434773
409638 434867
409684 434946
409830 435210
409738 434678
409700 434754
409732 434890
409718 435043
409810 435094
409892 435208
409968 435327
409770 434593
409819 434672
409812 434774
409823 434877
409798 434991
409939 435089
409972 435164
409923 434767
409920 434854
409892 434941
409971 435014
410079 435087
410064 435263
409833 434956
410157 435130
409962 434875
410042 434928
410123 434968
410197 435045
410307 434939
410389 434885
409789 434303
409837 434359
409917 434411
410012 434462
409942 434312
410090 434450
410238 434566
409965 434199
410014 434305
410109 434397
410169 434467
410037 434213
410088 434282
410153 434343
410115 434226
410249 434330
410282 434470
409547 434042
409467 434047
409681 433912
409762 433858
409718 433959
409591 434082
409796 434120
409591 434222
409583 433734
409634 433883
409715 434552
409832 434522
409987 434568
410230 434688
410071 434703
410047 434778
410113 434847
409434 434132
409490 434182
410179 435225
410209 435297
410244 435175
410298 435298
410294 435141
410347 435267
410359 435086
410430 435251
410429 435043
410511 435237
410492 434950
410545 435076
410604 435208
410637 435315
410556 434954
410607 435053
410650 435170
410618 434776
410656 435029
410705 435132
410721 435245
410684 435340
410660 434732
410737 434792
410744 435073
410808 435074
410830 435132
410707 434687
410780 434673
410780 434836
410826 434878
410894 434903
410939 434936
410964 434773
411148 435075
411144 435014
411176 434965
411173 434890
411326 435084
411451 435109
411506 435137
411551 435166
410816 435249
410481 434658
411176 435474
411217 435493
411272 435509
411342 435526
411459 435554
410651 434905
410783 434971
410920 435029
411057 435110
411034 435304
410556 434848
410853 434804
410958 434862
411069 434818
411250 435070
411327 434980
411037 434936
411269 435392
411398 435412
411474 435516
411561 435330
410220 435613
410169 435417
410228 435388
410252 435543
410289 435663
410348 436049
410301 435384
410325 435510
410345 435646
410373 435785
410394 435919
410417 436035
410439 436137
410466 436253
410395 436240
410482 436373
410371 435374
410394 435496
410416 435631
410437 435739
410468 435817
410498 435901
410488 436025
410507 436128
410529 436244
410547 436346
410430 435369
410453 435478
410479 435620
410502 435734
410551 436010
410570 436117
410591 436231
410606 436337
410556 435600
410559 435512
410580 435727
410597 435874
410623 435997
410646 436100
410663 436219
410681 436312
410593 435427
410622 435569
410647 435717
410675 435867
410695 435964
410704 436034
410718 436100
410735 436203
410684 435564
410709 435710
410735 435854
410763 435977
410778 436090
410797 436186
410746 435470
410735 435556
410771 435700
410789 435850
410812 435963
410837 436079
410771 435417
410805 435484
410834 435710
410847 435782
410883 436197
410888 435542
410885 435668
410895 435848
410901 435964
410946 435666
410955 435841
410961 435942
411004 435920
411002 435664
411062 435695
411123 435729
411051 435572
411299 435581
411149 435575
411090 435533
410744 436290
412752 433291
411495 434827
411659 434617
411529 434565
411551 434496
411599 434531
411601 434320
411653 434342
411728 434237
411931 433657
412116 433724
412195 433835
412400 433787
412550 433670
412673 433549
412778 433456
412687 433395
412644 433351
412587 433325
412533 433283
412493 433410
412465 433468
412606 433482
412574 433533
412437 433525
412408 433588
412344 433627
412300 433668
412273 433724
412255 433788
412177 433702
412278 433533
412324 433474
412349 433415
412368 433353
412481 433241
412392 433244
412298 433208
412237 433186
412152 433293
412201 433331
412142 433375
412217 433512
412142 433645
412139 433524
412084 433491
412007 433476
412725 433099
412461 432521
412457 432656
412392 432606
412342 432663
412471 432856
412414 432818
412358 432858
412423 432918
412357 432952
413133 433037
412971 433139
412524 432535
412524 432656
412594 432622
411308 434721
412532 432940
412565 432888
412616 432844
412696 432996
412696 432935
412696 432876
412783 432993
412775 432933
412803 432867
412953 432942
412928 432894
412914 432829
413054 432907
413046 432852
413049 432793
413172 432879
413153 432825
413013 432750
412948 432748
412892 432753
412842 432731
412785 432720
412741 432692
412692 432657
412789 432572
412929 432642
413097 432722
412667 432800
412966 430286
412893 430353
412784 430322
412966 430286
412893 430353
412784 430322
411680 434067
411867 434209
411816 434086
411983 434152
411790 433955
411876 433973
411960 434041
412039 434051
411974 433898
411886 433816
411934 433660
412080 434195
412103 434016
412023 433809
407191 434531
407178 434623
407319 434153
407332 434352
407398 434564
407288 434536
407558 433845
407409 434019
407399 434317
407439 434507
407390 434777
407500 434876
407664 434924
407846 434923
408069 434921
408381 434917
407378 434689
407490 434776
407493 434671
407587 434751
407615 434816
407625 434703
407709 434771
407870 434680
407917 434722
407888 434792
407928 434839
408122 434634
408327 434678
408210 434740
408192 434803
408292 434842
408235 434622
407633 434642
407856 434609
408089 434539
407544 433937
407474 434116
407473 434377
407644 434553
407818 434542
407649 434014
407638 434125
407617 434203
407547 434366
407703 434483
407858 434164
407767 434214
407703 434268
407666 434347
407698 434420
407821 434427
407955 434517
407873 434382
407952 434326
408034 434390
406697 434525
406791 434621
406771 434500
406804 434553
406876 434600
406933 434564
407246 434266
407275 433938
407413 433750
407351 433708
407300 433763
407192 433963
407158 434149
407170 434329
407096 434374
407084 434156
407101 434011
407011 434136
407005 434344
406906 434328
406926 434172
406840 434204
406398 434266
407200 433724
406270 432926
406306 433150
406378 433592
406345 432934
406394 433260
406450 433586
406413 432921
406470 433273
406511 433530
406483 432914
406590 433101
406620 433359
406620 432880
406683 433301
406782 433480
406846 433440
406878 433231
406950 433229
406977 433349
407026 433216
407041 433312
406719 433674
406632 433706
406574 433769
406514 433813
406444 433832
407117 433070
407176 432840
407207 433040
407324 432970
407471 433005
407334 432867
407310 432798
407239 432783
407427 432735
407463 432780
407598 432809
407566 432998
407422 433137
407812 432875
406999 431674
406901 433359
407070 432574
407151 432560
407260 432606
407150 433400
406963 432525
407032 432433
407132 432400
406930 432294
407015 432336
407032 432283
407129 432321
407037 432207
407135 432261
407210 432269
406892 432096
406961 432003
406989 432052
407081 431985
407010 432104
407106 432033
407157 432090
406870 431902
406949 431904
407019 431793
407128 431846
407100 431763
407404 432400
407474 432383
407543 432379
407626 432377
407420 432266
407541 432241
407423 432178
407567 432148
407395 432100
407558 432083
407392 432033
407550 432002
407371 431954
407521 431923
407339 431861
407499 431834
407324 431760
407488 431737
407288 431684
407497 431658
407412 432667
407397 432617
407385 432544
407578 432626
407570 432549
407550 432474
407740 432204
407204 431781
407002 435313
406714 434707
406702 434774
406690 434858
406682 434935
406666 435023
406576 434678
406567 434733
406559 434816
406555 434900
406542 434972
406478 435086
406781 435120
406802 435198
406818 435276
406831 435344
406848 435463
406854 435551
406619 435149
406640 435230
406650 435311
406671 435381
406427 435203
406445 435286
406464 435374
406888 435660
407312 432428
407273 432122
407300 432331
407237 431915
407323 431525
406848 434993
406854 434684
406987 434514
407156 434565
407127 434524
406746 434273
407694 433514
407839 433681
407782 433454
407933 433628
407873 433397
408016 433564
407960 433292
408046 433484
408121 433547
408165 433621
408178 433148
408159 433341
408203 433446
408432 433440
408259 433586
408310 433632
408260 433162
408366 433145
408377 433205
408298 433266
408348 433257
408338 433394
408346 433540
408410 433567
408455 433224
408522 433432
408602 433425
408657 433477
408591 433542
408608 433603
408712 433528
408745 433586
407670 433678
407608 433396
407671 433294
408536 433245
407788 433274
407617 433224
407887 433059
407553 433546
407483 433605
407507 433490
407432 433551
407625 433791
407543 433689
407391 433476
408456 433355
408094 433305
407931 433784
408245 434407
408272 434454
408392 434637
408428 434379
408428 434498
408489 434590
408531 434581
408570 434746
408508 434788
408305 433698
408346 433756
408369 433823
408391 433914
408474 433992
408470 434125
408505 434233
408519 434341
408578 434478
408600 434315
408651 434460
408431 433673
408487 433708
408506 433774
408535 433862
408574 433948
408618 434062
408662 434157
408703 434274
408746 434417
408616 433704
408650 433823
408679 433693
408717 433801
408820 433623
408771 433692
408809 433751
408872 433690
408386 434010
408215 434274
408231 434104
408012 434144
408206 434028
407977 434067
408179 433952
407943 434001
408150 433880
407911 433922
408138 433801
407713 433877
409061 433610
408962 433786
408869 434012
409223 433668
409096 433937
408977 434240
408900 434293
408816 434275
409406 433531
409369 433716
409288 433872
409131 434030
409122 434124
409045 434202
409037 434325
408897 434547
409401 433812
409366 433893
409230 434159
409192 434265
409287 434206
409275 434314
409104 434347
409009 434454
409073 434471
409148 434442
409242 434616
408992 434574
409064 434594
409123 434596
409487 433830
409267 434380
409354 433967
409428 433991
409214 433933
409567 433883
409118 434226
409107 434290
409347 434043
409668 433316
409596 433463
409588 433265
409513 433369
409506 433216
409441 433314
409447 433178
409374 433236
409384 433134
409464 432841
409381 432915
409271 433151
409326 433080
409244 433051
409565 432645
409478 432720
409413 432787
409283 432917
409187 432993
409700 432347
409654 432392
409614 432488
409523 432583
409419 432667
409346 432748
409263 432839
409141 432946
409600 432299
409584 432347
409560 432443
409464 432538
409370 432622
409292 432696
409193 432799
409094 432894
409508 432395
409418 432491
409320 432576
409245 432650
409149 432748
409039 432843
408980 432793
409447 432350
409357 432442
409273 432537
409196 432613
409544 432160
409563 432244
409397 432293
409303 432395
409459 432236
409666 432258
409999 431805
410083 431838
410110 431783
410149 431733
410182 431678
410225 431617
410285 431569
410329 431514
410376 431462
410428 431409
410633 431138
410671 431070
410737 430955
410671 430927
410616 431047
410501 431109
410466 431194
410480 431234
410349 431304
410514 431136
410533 430973
410597 430942
409944 431828
410022 431881
410242 431508
409774 432252
409368 432269
409946 432050
408324 431724
408318 431626
408442 431694
408486 431433
408651 431448
408830 431338
408710 431629
408793 431283
408793 431198
408912 430945
408987 430908
408732 431156
408813 431021
408670 431135
408739 431013
408548 431273
408683 430977
408600 431013
408683 430751
408761 430739
408844 430612
408775 430584
408719 430481
408795 430306
408737 430249
408962 430822
408962 430765
408960 430697
408987 430636
408993 430558
408993 430436
408984 430374
408984 430314
408971 430248
409194 430612
409191 430545
409188 430478
409186 430420
409183 430353
409176 430291
409168 430229
409403 430606
409402 430536
409400 430480
409999 430075
410137 430106
410249 430182
410315 430222
410010 430184
410012 430256
410014 430323
410016 430387
410021 430450
410025 430508
410010 430583
410242 430407
410021 430722
410060 430894
409983 431159
410057 431214
409610 431740
409796 431351
409411 431930
409247 432094
409082 432254
409105 432348
408635 431853
408539 431763
408576 431707
408688 431825
408813 431784
408785 431722
408732 431691
408962 431651
408940 431576
408844 431579
408520 431872
409118 431480
409096 431414
409139 431280
409097 431245
409071 431174
409262 431335
409221 431285
409410 431181
409350 431151
409265 431157
409204 431126
409164 431093
409481 430940
409424 430926
409358 430932
409402 431504
409552 431365
409689 430113
409429 431296
409739 431302
409873 431132
409812 431113
409742 431113
409671 431155
409599 431137
409531 431118
409909 430915
409838 430905
409775 430902
409716 430911
409651 430910
409577 430913
409388 430411
409385 430351
409383 430289
409377 430221
409635 430791
409633 430728
409628 430661
409622 430599
409624 430534
409615 430470
409608 430412
409604 430347
409597 430280
409599 430218
409292 430932
409235 430921
409182 430915
409121 430943
409063 430931
409130 431033
409039 431134
409033 431074
408980 431053
409840 430782
409831 430715
409836 430657
409831 430586
409831 430396
409827 430334
409820 430271
409809 430198
409498 431332
409317 430129
408999 430142
409557 431455
409674 431298
409643 431513
409820 430492
409446 430725
409297 430737
409138 430749
408634 431668
408857 430425
408817 430761
410152 430721
409079 431820
408718 431501
406499 428438
406534 428367
406531 428244
406631 428370
406634 428602
406692 428561
406744 428512
406771 428767
406829 428727
406892 428697
406903 428940
406957 428899
407020 428856
407005 429092
407072 429051
407131 429020
407033 429240
407103 429222
407181 429207
407070 429396
407164 429426
407214 429355
407148 429563
407250 429541
407209 429677
407289 429764
407215 429875
407090 430001
407053 430142
407153 430170
407194 430085
407244 430022
407344 429873
407398 429808
407385 429992
407467 429966
407153 430333
407224 430294
407274 430246
407328 430203
407448 430124
407528 430135
407241 430516
407314 430468
407386 430453
407447 430410
407551 430351
407616 430323
407334 430679
407410 430657
407475 430616
407536 430585
407623 430538
407692 430514
407438 430881
407503 430844
407577 430811
407632 430774
407701 430709
407773 430707
407519 431045
407582 431024
407675 431000
407781 430900
407625 431182
407686 431145
407779 431067
406879 429973
406779 430090
406668 430190
406573 430289
407740 431321
407690 431328
407791 431316
407642 431323
407529 431289
407160 430633
407043 430648
406357 428186
406369 429604
406666 429560
407024 429660
407309 429990
407387 430153
407471 430316
407023 430742
407571 430518
406476 428622
406421 428709
406421 428825
406421 428548
406311 428745
406248 428766
406105 428819
406060 428832
406242 428866
406092 428713
406243 429138
406102 429031
406155 429211
406183 429153
406224 429005
406225 428955
406479 428714
406176 428788
406188 429073
406181 429369
406562 428827
406921 429234
406888 429318
406840 429356
406783 429374
406721 429387
406705 429221
406807 429173
406518 428593
406372 428898
406788 429001
406749 429031
406669 429162
406646 429100
406658 428905
406632 428849
406579 429001
406519 429003
406484 429218
406475 429162
406475 429047
406351 429193
406290 429203
406338 429078
406358 429028
406370 428965
406269 429525
406400 429495
406552 429469
406648 429449
406286 429463
406364 429433
406517 429409
406609 429390
406295 429370
406584 429316
406280 429311
406425 429292
406569 429255
406068 428665
406210 428628
406184 428581
406151 428526
406079 428190
406137 428290
406112 428009
406137 428082
406179 428138
406237 428231
406360 428357
406028 428369
406274 428025
406429 429359
406203 428922
406734 428823
406424 429106
406926 429096
406865 429006
406560 428737
406137 430426
406181 430470
406241 430532
406291 430605
406093 430571
406234 430723
406050 430621
406199 430780
406006 430665
406151 430817
405960 430707
406245 430964
405930 430753
406100 430879
406218 431024
405886 430796
406036 430925
406174 431065
405838 430828
406139 431120
405790 430861
405896 430958
406011 431074
406110 431171
405764 430920
406077 431224
406061 431279
405689 430930
405638 430971
405604 431031
405694 431070
405734 431111
405789 431158
405829 431202
405862 431261
405901 431305
405923 431364
405957 431415
405989 431476
406549 430616
406533 430700
406452 430686
406574 430837
406420 430955
406284 430902
406421 431131
406201 431292
406254 431309
406301 431340
406086 431545
406097 431917
405977 431963
405923 432004
405818 431830
405890 431825
405944 431828
405784 431713
405844 431600
405913 431578
405619 431398
405685 431380
405760 431384
405471 431348
405400 431208
405448 431162
405482 431121
405106 430879
405212 430755
405272 430785
405307 430827
405360 430869
405417 430923
405464 430960
406324 430380
405506 431008
405226 430624
405337 430721
405372 430439
405304 430551
405362 430668
405442 430739
405489 430779
405578 430861
405410 430629
405479 430615
405489 430451
405522 430576
405574 430541
405624 430502
405627 430646
405670 430689
405718 430722
406086 431823
406204 431603
406143 431573
406395 430739
405944 431033
406824 431736
406870 431902
406949 431904
406003 431781
405948 431678
405993 431541
405183 431004
405147 430913
405546 430798
405148 430414
412253 435931
412288 435888
412354 436001
412374 435958
412401 435898
412434 435834
412488 435790
412644 435728
412576 435768
412561 435831
412523 435888
412488 435944
412458 436009
412479 436076
412721 435760
412684 435815
412649 435883
412616 435941
412581 436007
412556 436062
412629 436167
412654 436119
412686 436054
412716 435989
412742 435934
412779 435868
412812 435796
412924 435859
412895 435931
412855 435987
412827 436052
412787 436121
412759 436174
412857 436267
412847 436222
412902 436174
412932 436116
412968 436049
413002 435984
413028 435924
413130 435977
413093 436044
413072 436111
413030 436170
412988 436212
413073 436245
413112 436204
413163 436164
413195 436097
413228 436032
413328 436089
413296 436154
413249 436190
413253 436232
413373 436180
412466 435706
411715 435683
411780 435701
411921 435748
411973 435761
411768 435535
411825 435555
411864 435573
411926 435590
411971 435612
412017 435620
412092 435705
412293 435793
411707 436337
411737 436475
411764 436425
411802 436348
411874 436309
411929 436289
412018 436301
411943 436399
411968 436435
411888 436460
411807 436483
412009 436507
412064 436402
412091 436313
412284 436333
412236 436394
412202 436456
412167 436520
412129 436581
412100 436658
412086 436729
412492 436363
412434 436410
412387 436470
412357 436537
412330 436598
412295 436662
412257 436738
412220 436800
412726 436324
412630 436365
412624 436427
412583 436490
412568 436561
412534 436629
412511 436693
412482 436753
412431 436825
412422 436904
412701 436518
412581 436944
412140 436120
411500 435977
411589 435949
411644 435991
411690 435995
411846 435977
411613 436244
412828 436395
412775 436543
412725 436695
412685 436830
412689 437015
412633 436991
412740 436847
412856 436735
412830 436560
412883 436409
412971 436327
412937 436434
412886 436585
412814 436720
412771 436708
412797 436871
412741 437042
412794 437066
412853 436891
412899 436750
412944 436601
412989 436452
413027 436333
413090 436339
413051 436468
413002 436619
412953 436769
412909 436913
412871 437101
412975 436937
413021 436789
413066 436643
413113 436492
413159 436342
413223 436345
413175 436510
413124 436659
413076 436804
413030 436954
413084 436972
413135 436822
413183 436678
413230 436527
413281 436357
413344 436366
413283 436549
413238 436698
413195 436841
413370 436480
413415 436340
413479 436364
413428 436495
413486 436511
413529 436391
413579 436429
413557 436518
413630 436462
413687 436489
413717 436539
412900 436320
413555 436894
413363 436616
413183 436965
413728 436015
413805 436038
413870 436065
413951 436070
414027 436060
414096 436073
413690 435868
413769 435884
413840 435883
413910 435894
413992 435900
414063 435895
414141 435912
413658 436030
419966 440299
419896 440334
419805 440483
419777 440582
419864 440523
419951 440369
419921 440418
420000 440244
420037 440188
420121 440112
420214 440112
420148 440053
420208 439977
420094 440143
420318 439888
419244 440714
419317 440781
419419 440808
419537 440872
419695 440798
419633 440921
419731 440979
419742 440634
419777 440897
419812 440829
419912 440616
420007 440440
419963 440493
420048 440568
420081 440492
420126 440754
420141 440686
420164 440628
420185 440569
420203 440504
420225 440441
420246 440385
420299 440513
420354 440588
420277 440650
420249 440794
420047 440674
418121 439904
418159 439928
418209 439970
418262 440050
418283 439988
418235 439872
418331 439914
418383 439952
418274 439828
418312 439785
418397 439848
418437 440182
418524 440212
418573 440252
418624 440292
418509 440094
418592 440157
418465 439968
421546 441683
421393 441634
421238 441640
421028 441563
420925 441521
420757 441458
420380 441315
420452 441340
420381 441261
420479 441295
420692 441364
420787 441395
420960 441465
421241 441575
421416 441578
421554 441629
421625 441712
421654 441658
421569 441567
421450 441523
421263 441521
420981 441410
420807 441347
420706 441303
420511 441237
420398 441198
420534 441181
420416 441137
420699 441243
421008 441354
420828 441296
421139 441408
421404 441434
421478 441459
421569 441488
421322 441409
421155 441344
420847 441230
421025 441290
420746 441200
420441 441083
420558 441119
420345 440974
420467 441016
420561 441057
420753 441118
420884 441173
421049 441237
421188 441280
421341 441341
421423 441366
421357 441275
421218 441225
421075 441173
420904 441108
420765 441064
420587 440996
420467 440952
420356 440908
420483 440894
420607 440928
420787 440993
421085 441108
421198 441154
421302 441183
421158 441065
421062 441042
420942 441001
420820 440945
420633 440871
420535 440843
420430 440804
420444 440740
420529 440777
420654 440819
420794 440862
420842 440813
420675 440754
420545 440712
420460 440682
420477 440624
420559 440651
420697 440700
420807 440738
420622 440604
420494 440560
420646 440552
420504 440503
420492 440433
420514 440378
418408 440084
412981 437085
412968 437149
412951 437206
413104 437110
413088 437176
413066 437235
413213 437136
413193 437206
413338 437179
413531 437252
413223 437077
413344 437110
413371 437049
413590 436729
413583 436656
413577 436602
413620 436567
413730 436645
413755 436731
413844 436567
413787 436613
413814 436678
413824 436739
413841 436804
413851 436940
413865 437013
413875 437081
413887 437141
413895 437211
414023 437204
414009 437127
414009 437062
413999 436997
413992 436923
413980 436855
413970 436785
413960 436721
413935 436660
414208 437010
414191 437081
414164 437149
414178 437211
414291 437248
414307 437187
414327 437105
414327 437046
414389 437254
413643 437362
413717 437504
413779 437596
413905 437556
413847 437454
414071 437468
414148 437491
413975 437428
413746 437351
413772 437290
413732 437418
414165 437425
414183 437369
414065 437325
414098 437267
414212 437306
414145 437712
414171 437660
414187 437604
414220 437550
414243 437497
414276 437444
414301 437382
414324 437329
414410 437363
414402 437425
414380 437485
414358 437541
414329 437597
414307 437655
414292 437713
414262 437766
414318 437866
414367 437755
414472 437552
414232 437821
414215 437889
414127 437846
414127 437769
413981 437644
414015 437593
414119 437544
413962 437493
414530 437599
414601 437663
413494 437120
413869 437668
413855 436861
414126 436965
413911 437324
413938 437266
414399 437125
413238 437015
413487 436713
413814 437517
413876 437386
408590 425076
408646 425043
408691 425010
408748 424953
408791 424895
408558 425033
408670 424918
408754 424836
408445 425060
408527 424955
408619 424863
408718 424768
408447 424947
408572 424809
408672 424711
408427 424871
408509 424772
408621 424652
408697 424555
408367 424805
408457 424734
408566 424608
408679 424492
408418 424670
408504 424565
408644 424424
408369 424604
408449 424512
408570 424393
408447 424432
408504 424348
408472 424313
408316 424551
408208 424555
408285 424641
408211 424637
408263 424783
408328 424855
408302 424982
408320 425084
408361 425131
408261 425238
408203 425123
408232 424937
408158 424936
408168 424822
408088 424889
407988 424994
408047 425043
408090 425101
408131 425174
408179 425262
408099 425299
408041 425248
408000 425199
407945 425158
407894 425107
407836 425058
407763 425012
407685 424961
407744 425150
407777 425203
407830 425271
407884 425314
407933 425365
407988 425406
408041 425461
407943 425562
407884 425515
407845 425463
407857 425654
407808 425588
407761 425461
407697 425297
407658 425170
407603 425023
407590 425135
407644 425275
407699 425459
407772 425670
407804 425396
408105 425374
408179 424705
408730 425128
408692 425151
408657 425177
408622 425197
408581 425217
408546 425235
408461 425317
408433 425286
408397 425256
408362 425235
408346 425351
408312 425378
408278 425410
408250 425439
408221 425467
408338 425505
408372 425532
408404 425563
408433 425591
408565 425457
408536 425427
408504 425395
408470 425368
409252 426477
407835 426371
407877 426392
407916 426422
407990 426476
408137 426545
408179 426569
408222 426597
407584 426095
407624 426122
407658 426021
407713 426168
407760 426191
407800 426215
407841 426249
407885 426273
407929 426294
407972 426316
408020 426341
408064 426365
408106 426386
408146 426421
408188 426446
408231 426467
408281 426489
408324 426513
408372 426533
408417 426549
407717 425982
407740 425945
407779 425912
407800 425869
407849 425841
407827 426034
407975 425873
407867 426069
407998 425924
408224 425627
407912 426096
407954 426119
408004 426147
408224 425900
408044 426178
408155 426051
408262 425937
408070 426213
408190 426086
408144 426288
408185 426159
408204 426264
408287 426109
408357 425978
408246 426291
408332 426132
408289 426320
408379 426154
408334 426337
408421 426179
408407 426427
408431 426382
408452 426337
408479 426296
408577 426130
408602 426088
408624 426043
408651 425995
408672 425957
408697 425920
408566 426592
408729 426658
408680 426374
408790 426435
408993 426543
408673 426323
406774 426868
408685 426272
406742 426741
408718 426232
408993 426371
408755 426186
408888 426265
409049 426353
408775 426144
408916 426215
409048 426293
408793 426041
408832 426063
408868 426083
408901 426102
408942 426126
408982 426150
409031 426172
408504 425708
408516 425666
408559 425625
408570 425577
408602 425543
408576 425751
408603 425714
408631 425671
408656 425632
408683 425590
408658 425803
408681 425764
408705 425717
408735 425679
408759 425641
408720 425418
408678 425425
408779 425511
408750 425379
408787 425355
408828 425328
408851 425299
408836 425232
408900 425209
408820 425492
408841 425529
408861 425560
408863 425636
408896 425588
408894 425669
408966 425578
408875 425771
408986 425627
408916 425739
409015 425660
409006 425791
409090 425705
409097 425794
409134 425681
409142 425779
409185 425785
409232 425804
409179 425601
408900 425441
408929 425412
408961 425379
408990 425349
409017 425312
409011 425521
409049 425547
409084 425570
409097 425435
409164 425433
409127 425344
409138 425303
409179 425262
409189 425107
409160 425142
409090 425230
409050 425199
408996 425181
408968 425142
408855 425152
408945 425105
408836 425113
408922 425070
408787 425096
408927 425019
408761 425062
408836 424961
408906 424971
409275 425084
409270 425157
408562 426451
408622 426460
408670 426478
408710 426502
408611 426689
408537 426749
408162 426771
408483 425130
408490 425199
408080 425775
408114 425797
408153 425830
408191 425859
408731 425845
408755 425808
408783 425765
408810 425724
408831 425684
408861 425818
408965 425824
408811 425899
408831 425860
408880 425949
408914 425910
408939 425866
406942 427673
407027 427653
407075 427638
407130 427629
407198 427615
407257 427600
407322 427579
407390 427565
407475 427556
407528 427535
407593 427520
407637 427506
407725 427491
407784 427485
407843 427473
407911 427453
406968 427802
407033 427791
407092 427776
407151 427764
407219 427735
407283 427726
407351 427711
407407 427693
407487 427679
407545 427667
407607 427646
407663 427635
407754 427641
407807 427608
407869 427593
407937 427573
407010 427938
407066 427923
407127 427905
407189 427894
407251 427876
407319 427864
407384 427844
407442 427835
407522 427814
407584 427796
407654 427791
407699 427773
407787 427755
407840 427746
407896 427729
407966 427711
407021 428061
407086 428041
407151 428026
407216 428017
407280 427997
407348 427988
407413 427970
407469 427958
407548 427938
407610 427923
407672 427914
407731 427896
407807 427891
407866 427870
407946 427852
407999 427846
407066 428193
407127 428172
407181 428162
407249 428150
407317 428128
407380 428112
407448 428106
407502 428087
407583 428069
407646 428055
407704 428046
407768 428033
407848 428015
407905 427999
407972 427976
408037 427961
407096 428327
407158 428311
407215 428299
407277 428289
407344 428268
407473 428255
407528 428219
407611 428203
407676 428187
407735 428177
407792 428168
407880 428146
407928 428138
407996 428120
408069 428097
407129 428462
407186 428446
407302 428411
407366 428393
407429 428384
407500 428362
407560 428356
407639 428340
407700 428319
407762 428308
407819 428294
407899 428282
407952 428264
408028 428247
408096 428226
407158 428595
407213 428589
407277 428559
407336 428559
407306 428683
407367 428682
407268 428839
407337 428833
407340 428927
407462 428669
407540 428683
407606 428699
407688 428711
407734 428716
407795 428727
407879 428746
407944 428763
408008 428773
408067 428790
408136 428798
408192 428808
407444 428795
407430 428932
407180 428714
407243 428704
407242 428422
407510 428955
407527 428814
407604 428824
407572 428948
407558 429092
407625 429092
407635 428989
407654 428836
407721 428845
407702 428977
407687 429101
407752 429097
407762 428989
407776 428857
407860 428874
407922 428886
407985 428898
408047 428910
407841 429008
407908 429015
407970 429025
408035 429032
408119 428905
408128 428996
408172 428900
407826 429106
407889 429109
407956 429094
407690 428560
407757 428567
407819 428579
407894 428589
407965 428603
408021 428611
408088 428627
408145 428639
408208 428658
407699 428436
407767 428441
407826 428445
407922 428469
407922 428395
407982 428484
408047 428488
408107 428498
408172 428503
407985 428393
408045 428385
408114 428373
408179 428407
408215 428563
407594 428546
407465 428512
407304 429058
407290 429185
407438 429039
407393 428802
407414 428632
407378 429006
407381 428970
407493 429084
407394 427411
407507 427221
407678 427382
416351 437524
416413 437555
416470 437581
416536 437621
416596 437666
416389 437432
416450 437472
416511 437498
416582 437527
416640 437556
416328 437075
416391 437094
416465 437120
416531 437139
416608 437193
416640 437136
416724 437233
416740 437161
416691 437730
416709 437676
416722 437617
416741 437555
416761 437470
416794 437369
416820 437233
416796 437759
416810 437646
416834 437497
416851 437394
416889 437550
416908 437419
416864 437726
416933 437679
416965 437476
416975 437851
416980 437744
417003 437630
417020 437519
417033 437798
417066 437695
417082 437628
417098 437560
416891 436498
416825 436472
416782 436431
416731 436435
416737 436316
416797 436336
416865 436364
416935 436385
416975 436275
416920 436209
416855 436179
416790 436138
416735 436139
416820 436030
416965 436090
416956 436013
416318 437327
416343 437270
416388 437357
416413 437289
416385 437204
416475 437235
416530 437264
416591 437295
416663 437319
416724 437344
416497 437342
416562 437363
416624 437413
416674 437456
416834 437554
417055 437364
417108 437459
417167 437415
417189 437363
417103 437315
417130 437263
417147 437210
417171 437146
417196 437090
417334 437083
417225 437037
416950 437261
416977 437190
416986 437122
416996 437068
417006 436988
417010 436856
417036 436803
416821 436734
416728 436534
417207 437668
417185 437741
417200 437951
416646 436771
416661 436508
409567 428072
409666 427978
409658 428072
409648 427917
409562 427820
409649 427832
409719 427871
409876 427823
409558 427746
409649 427724
409719 427737
409791 427736
409862 427737
409937 427751
409953 427688
410020 427721
409558 427625
409561 427532
409649 427575
409792 427583
409864 427582
409937 427580
410009 427581
410083 427560
409552 427383
409560 427483
409648 427454
409718 427482
409791 427451
409863 427451
409936 427456
410032 427487
409648 427348
409720 427350
409791 427350
409873 427365
410045 427433
409719 427410
406306 429706
406469 429675
406407 429801
406413 429884
406508 429791
406461 429957
406566 429856
406498 430013
406615 429902
406504 430114
406632 429990
406559 430175
406693 430048
406609 429745
406726 429869
406380 430142
406281 429823
406454 430223
406346 429748
405207 428873
405109 428840
404510 428083
405006 428713
404737 428070
404720 428545
404625 428411
404458 428177
404604 428179
404814 428167
404820 428407
405087 428620
405237 428725
405741 428147
405390 428554
405269 428447
405209 428382
405021 428414
404960 428224
404780 427999
405113 428274
405146 427973
405291 427973
405351 428022
405436 428074
405487 428124
405561 428279
405645 427950
405349 427798
404700 427855
405275 428986
414276 436269
414334 436305
414409 436308
414467 436329
414528 436346
414586 436358
414649 436378
414702 436395
414750 436409
414776 436254
414677 436254
414615 436231
414556 436218
414496 436194
414435 436185
414370 436165
414385 435972
414436 436003
414499 436010
414541 436056
414603 436066
414663 436100
414705 436129
414932 436048
414813 436093
414782 436008
414715 435974
414644 435960
414592 435949
414532 435930
414482 435901
414419 435875
414914 435954
414995 435981
415038 436030
415103 436034
415304 436151
415171 436139
415185 436081
415169 435998
415244 436001
415307 436001
415135 436184
415406 436088
415393 436032
415376 435981
415384 436622
415415 436472
415435 436340
415295 436545
415307 436363
415123 436472
415064 436611
415185 436521
415470 436558
415522 436333
415534 436568
415583 436360
415602 436579
415629 436359
415635 436669
415697 436355
414937 436112
414893 436167
414885 436233
414908 436300
414818 436434
414970 436497
415697 436679
415773 436337
415757 436707
415841 436331
415825 436725
415897 436355
415917 436605
415971 436331
415975 436591
416040 436317
415915 436753
416011 436769
416029 436629
416101 436335
416061 436845
416103 436623
416145 436399
416119 436819
416165 436641
416225 436381
416173 436859
416229 436653
416271 436443
416237 436829
416287 436667
416341 436457
416291 436891
416341 436699
416393 436479
416401 436719
416456 436531
416353 436919
406401 427758
406435 427707
406482 427662
406531 427614
406571 427559
406613 427506
406654 427464
406696 427409
406740 427369
406744 427267
406526 427919
406558 427861
406611 427815
406653 427772
406694 427725
406745 427671
406781 427620
406812 427562
406604 428027
406665 427945
406761 427886
406872 427932
406873 427828
406864 427743
406701 428159
406872 428020
406936 428021
406800 428269
406873 428209
406957 428138
406877 428371
406934 428337
406989 428293
407016 428438
407021 428545
406975 428195
406785 428085
406862 428520
406652 428249
406801 427456
409858 429971
409783 429973
409720 429977
409660 429978
409595 429983
409531 429986
409439 429976
409383 429975
409321 429978
409261 429985
409198 429994
409126 429998
409064 430001
409008 430006
408945 429998
408877 430010
409838 429781
409772 429783
409708 429784
409645 429786
409582 429784
409520 429788
409432 429773
409374 429805
409308 429809
409251 429789
409188 429793
409119 429796
409061 429824
408998 429831
408931 429797
408868 429799
408768 430044
408747 429959
408747 429895
408744 429832
408750 429768
408759 429705
408786 429632
409752 429555
409694 429520
409632 429520
409573 429526
409510 429529
409418 429566
409358 429541
409296 429535
409239 429567
409179 429570
409104 429575
409044 429546
408980 429553
408923 429595
408853 429596
409745 429360
409682 429345
409624 429351
409561 429351
409491 429357
409412 429360
409347 429371
409292 429381
409222 429388
409164 429367
409096 429382
409037 429382
408974 429382
408912 429385
408859 429451
409609 429136
409553 429139
409488 429145
409400 429130
409338 429133
409275 429127
409213 429137
409152 429167
409086 429177
409022 429187
408957 429178
409544 428936
409477 428939
409390 428941
409331 428947
409269 428952
409208 428950
409148 428953
409076 428957
409020 428990
409166 428747
409369 428523
409306 428529
409244 428530
409183 428537
409122 428540
409357 428302
409296 428301
409235 428306
409170 428309
409110 428314
409040 428360
408985 428295
409349 428102
409288 428112
409226 428147
409162 428152
409099 428125
409030 428140
408969 428152
408913 428161
408822 428103
409333 427878
409275 427880
409201 427874
409148 427874
409087 427886
409009 427894
408954 427893
408889 427897
408828 427899
408772 427900
408707 427880
409318 427697
409262 427715
409202 427716
409140 427716
409078 427718
409011 427726
408946 427719
408884 427723
408828 427728
408759 427741
408693 427748
409308 427455
409249 427455
409191 427465
409128 427470
409069 427474
408991 427467
408934 427466
408872 427467
408807 427471
408738 427487
409301 427259
409235 427259
409182 427299
409122 427302
409059 427305
408987 427309
408922 427313
408871 427313
408795 427332
409292 427036
409232 427047
409169 427020
409106 427043
409043 427056
408972 427083
408903 427134
409283 426831
409221 426838
409159 426846
409063 426886
409172 426726
409915 429454
409630 428801
409743 428654
409686 428652
409633 428651
409579 428647
409569 428504
409510 428422
409565 428368
409734 428220
409665 428209
409610 428209
409554 428214
409651 428405
409446 428417
409468 426499
409403 427571
409395 427444
409460 427444
409392 427240
409449 427293
409447 427177
409517 427285
409508 427154
409588 427314
409576 427245
409379 427033
409440 427024
409364 426840
409358 426667
409426 426673
409481 426679
409498 426614
409345 426494
409410 426491
409498 426556
409437 428115
409420 427991
409421 427863
409413 427733
409494 428112
409486 427991
409480 427855
409469 427656
419353 435225
419297 434419
419336 434659
419368 434914
419408 435118
419334 434373
419365 434567
419406 434829
419457 435090
419404 434363
419438 434589
419474 434842
419520 435068
419467 434363
419494 434560
419544 434849
419578 435063
419533 434332
419649 435056
419591 434334
419700 435014
419646 434302
419686 434553
419724 434796
419754 434977
419707 434307
419746 434541
419783 434781
419610 434463
419775 434317
419809 434519
419843 434762
419884 434575
419957 434574
419993 434769
419780 434125
419741 434173
419902 434186
419885 434247
419652 435170
419739 435216
419821 435264
419816 435041
419884 435084
419916 435172
419993 435079
419547 434470
419612 434895
419680 434880
418763 435400
419385 434242
419516 434037
419576 434057
419384 435067
419345 434859
419299 434564
419263 434351
419251 434647
419277 434808
419295 434929
419323 435079
419263 435094
419236 434951
419217 434812
419195 434659
419212 434392
419134 434674
419154 434820
419176 434960
419207 435096
419142 435106
419122 434975
419096 434836
419071 434674
418987 434582
419003 434696
411622 426746
411512 426679
411415 426609
411344 426528
411488 426774
411495 426869
411389 426684
411309 426600
411289 426674
411771 426800
411830 426657
411785 426603
411655 426596
411592 426469
411525 426409
411491 426442
411692 426373
411463 426321
411813 426315
411233 426352
411132 426222
411327 426235
411266 426189
411233 426038
411371 426038
411457 426022
411448 425937
411448 425861
411519 425857
411627 425891
411671 425978
411710 426106
418555 435746
418775 435685
418589 435808
418812 435747
418657 435890
418765 436007
418900 435806
418892 436010
418971 435875
418961 435999
418967 436079
418856 436094
419026 435994
418088 437345
418051 437394
418023 437447
417993 437497
417966 437549
417941 437607
417898 437656
417872 437713
417839 437771
417803 437818
417777 437874
417745 437926
417718 437980
417686 438033
417655 438089
417645 438156
417911 437382
417858 437423
417821 437471
417790 437523
417760 437579
417735 437636
417698 437686
417670 437741
417645 437795
417612 437849
417568 437896
417548 437958
417428 437897
418159 436706
418254 436769
418248 436700
418467 436702
418429 436758
418394 436811
418567 436778
418550 436889
418524 436947
418625 436809
418709 436710
418686 436835
418605 437063
418661 437015
418690 436963
418737 436861
418803 436732
418792 436883
418864 436749
418917 436775
418842 436917
418781 437034
418666 437120
418703 437188
418625 437342
418571 437277
418568 437160
418515 437317
418678 437377
418810 437288
418831 437192
418849 437141
418883 437089
418900 437024
418929 436968
418954 436913
418981 436803
419041 436836
419061 436722
418089 435948
418150 435949
418210 435927
418277 435983
418273 435860
418333 435847
418402 435842
418456 435847
418460 435954
418519 435921
418585 435942
418651 436028
418585 436060
418522 436068
418459 436065
418279 436090
418217 436110
418153 436119
418090 436142
418021 436157
418724 436059
418371 435973
418367 436082
418349 436188
