818 5
409154 435528
409151 435683
409277 435420
409260 435538
409240 435695
409213 435897
409199 435982
409178 436078
409174 436171
409147 436256
409469 435389
409378 435463
409378 435563
409351 435734
409328 435891
409275 435982
409289 436065
409272 436188
409208 436263
409754 435326
409609 435201
409565 435307
409577 435510
409515 435614
409478 435707
409442 435810
409442 435913
409408 436075
409344 436201
409398 436213
409638 435143
409683 435349
409670 435514
409620 435615
409688 435618
409624 435752
409570 435942
409541 436090
409512 436236
409216 435826
409158 435820
408777 434870
408731 434657
408808 434639
408840 435022
408932 434976
408897 434650
409050 434674
409033 434769
408906 434723
409262 434873
409090 434982
409020 435056
409262 435017
409210 435093
409109 435153
409192 435244
409298 435127
409302 435225
409264 435295
409372 434355
409426 434622
409452 434831
409553 435074
409434 435030
409479 434592
409517 434818
409539 434954
409038 435235
409167 435416
408778 434739
409411 434362
409822 435466
409811 435545
409765 435617
409812 435857
409792 435978
409837 436155
409711 436281
409969 435509
409944 435714
410041 435866
409946 436015
410015 436193
410067 435592
410073 436039
410113 436329
410204 436314
409645 436119
410120 436189
409875 435755
410180 436398
410244 436276
410224 436222
410435 436784
409573 436533
409575 436677
409553 436813
409546 436882
409701 436391
409691 436539
409680 436697
409667 436825
409657 436892
409858 436418
409795 436554
409788 436708
409768 436873
409900 436600
409863 436728
409923 436735
409874 436894
410006 436607
410003 436738
410006 436804
409960 436901
410014 436903
409816 437011
410120 436627
410099 436799
410072 436904
410234 436518
410205 436634
410213 436728
410212 436795
410320 436562
410324 436701
410107 437014
410201 436904
410140 436494
409026 436332
408906 436537
408865 436634
408849 436707
408791 436841
409016 436511
408946 436666
408921 436738
408872 436787
408903 436834
409160 436346
409102 436513
409007 436747
408951 436887
409261 436338
409213 436540
409150 436607
409114 436740
409065 436786
409057 436848
409174 436708
409136 436838
409322 436406
409255 436694
409213 436836
409372 436561
409286 436828
409355 436788
409482 436380
409456 436520
409442 436668
409429 436834
408514 436845
408597 436868
408644 436892
408796 436835
408888 436863
408951 436887
409662 434465
409591 434570
409610 434773
409638 434867
409684 434946
409830 435210
409738 434678
409700 434754
409732 434890
409718 435043
409810 435094
409892 435208
409968 435327
409770 434593
409819 434672
409812 434774
409823 434877
409798 434991
409939 435089
409972 435164
409923 434767
409920 434854
409892 434941
409971 435014
410079 435087
410064 435263
409833 434956
410157 435130
409962 434875
410042 434928
410123 434968
410197 435045
410307 434939
410389 434885
409789 434303
409837 434359
409917 434411
410012 434462
409942 434312
410090 434450
410238 434566
409965 434199
410014 434305
410109 434397
410169 434467
410037 434213
410088 434282
410153 434343
410115 434226
410249 434330
410282 434470
409547 434042
409467 434047
409681 433912
409762 433858
409718 433959
409591 434082
409796 434120
409591 434222
409583 433734
409634 433883
409715 434552
409832 434522
409987 434568
410230 434688
410071 434703
410047 434778
410113 434847
409434 434132
409490 434182
410179 435225
410209 435297
410244 435175
410298 435298
410294 435141
410347 435267
410359 435086
410430 435251
410429 435043
410511 435237
410492 434950
410545 435076
410604 435208
410637 435315
410556 434954
410607 435053
410650 435170
410618 434776
410656 435029
410705 435132
410721 435245
410684 435340
410660 434732
410737 434792
410744 435073
410808 435074
410830 435132
410707 434687
410780 434673
410780 434836
410826 434878
410894 434903
410939 434936
410964 434773
411148 435075
411144 435014
411176 434965
411173 434890
411326 435084
411451 435109
411506 435137
411551 435166
410816 435249
410481 434658
411176 435474
411217 435493
411272 435509
411342 435526
411459 435554
410651 434905
410783 434971
410920 435029
411057 435110
411034 435304
410556 434848
410853 434804
410958 434862
411069 434818
411250 435070
411327 434980
411037 434936
411269 435392
411398 435412
411474 435516
411561 435330
410220 435613
410169 435417
410228 435388
410252 435543
410289 435663
410348 436049
410301 435384
410325 435510
410345 435646
410373 435785
410394 435919
410417 436035
410439 436137
410466 436253
410395 436240
410482 436373
410371 435374
410394 435496
410416 435631
410437 435739
410468 435817
410498 435901
410488 436025
410507 436128
410529 436244
410547 436346
410430 435369
410453 435478
410479 435620
410502 435734
410551 436010
410570 436117
410591 436231
410606 436337
410556 435600
410559 435512
410580 435727
410597 435874
410623 435997
410646 436100
410663 436219
410681 436312
410593 435427
410622 435569
410647 435717
410675 435867
410695 435964
410704 436034
410718 436100
410735 436203
410684 435564
410709 435710
410735 435854
410763 435977
410778 436090
410797 436186
410746 435470
410735 435556
410771 435700
410789 435850
410812 435963
410837 436079
410771 435417
410805 435484
410834 435710
410847 435782
410883 436197
410888 435542
410885 435668
410895 435848
410901 435964
410946 435666
410955 435841
410961 435942
411004 435920
411002 435664
411062 435695
411123 435729
411051 435572
411299 435581
411149 435575
411090 435533
410744 436290
411495 434827
411659 434617
411529 434565
411551 434496
411599 434531
411601 434320
411653 434342
411728 434237
411931 433657
412116 433724
412195 433835
412400 433787
412550 433670
412673 433549
412687 433395
412644 433351
412587 433325
412533 433283
412493 433410
412465 433468
412606 433482
412574 433533
412437 433525
412408 433588
412344 433627
412300 433668
412273 433724
412255 433788
412177 433702
412278 433533
412324 433474
412349 433415
412368 433353
412481 433241
412392 433244
412298 433208
412237 433186
412152 433293
412201 433331
412142 433375
412217 433512
412142 433645
412139 433524
412084 433491
412007 433476
411308 434721
411680 434067
411867 434209
411816 434086
411983 434152
411790 433955
411876 433973
411960 434041
412039 434051
411974 433898
411886 433816
411934 433660
412080 434195
412103 434016
412023 433809
407191 434531
407178 434623
407319 434153
407332 434352
407398 434564
407288 434536
407558 433845
407409 434019
407399 434317
407439 434507
407390 434777
407500 434876
407664 434924
407846 434923
408069 434921
408381 434917
407378 434689
407490 434776
407493 434671
407587 434751
407615 434816
407625 434703
407709 434771
407870 434680
407917 434722
407888 434792
407928 434839
408122 434634
408327 434678
408210 434740
408192 434803
408292 434842
408235 434622
407633 434642
407856 434609
408089 434539
407544 433937
407474 434116
407473 434377
407644 434553
407818 434542
407649 434014
407638 434125
407617 434203
407547 434366
407703 434483
407858 434164
407767 434214
407703 434268
407666 434347
407698 434420
407821 434427
407955 434517
407873 434382
407952 434326
408034 434390
406697 434525
406791 434621
406771 434500
406804 434553
406876 434600
406933 434564
407246 434266
407275 433938
407413 433750
407351 433708
407300 433763
407192 433963
407158 434149
407170 434329
407096 434374
407084 434156
407101 434011
407011 434136
407005 434344
406906 434328
406926 434172
406840 434204
406398 434266
407200 433724
406306 433150
406378 433592
406394 433260
406450 433586
406470 433273
406511 433530
406590 433101
406620 433359
406683 433301
406782 433480
406846 433440
406878 433231
406950 433229
406977 433349
407026 433216
407041 433312
406719 433674
406632 433706
406574 433769
406514 433813
406444 433832
407117 433070
407207 433040
407422 433137
406901 433359
407150 433400
407002 435313
406714 434707
406702 434774
406690 434858
406682 434935
406666 435023
406576 434678
406567 434733
406559 434816
406555 434900
406542 434972
406478 435086
406781 435120
406802 435198
406818 435276
406831 435344
406848 435463
406854 435551
406619 435149
406640 435230
406650 435311
406671 435381
406427 435203
406445 435286
406464 435374
406888 435660
406848 434993
406854 434684
406987 434514
407156 434565
407127 434524
406746 434273
407694 433514
407839 433681
407782 433454
407933 433628
407873 433397
408016 433564
407960 433292
408046 433484
408121 433547
408165 433621
408178 433148
408159 433341
408203 433446
408432 433440
408259 433586
408310 433632
408260 433162
408366 433145
408377 433205
408298 433266
408348 433257
408338 433394
408346 433540
408410 433567
408455 433224
408522 433432
408602 433425
408657 433477
408591 433542
408608 433603
408712 433528
408745 433586
407670 433678
407608 433396
407671 433294
408536 433245
407788 433274
407617 433224
407887 433059
407553 433546
407483 433605
407507 433490
407432 433551
407625 433791
407543 433689
407391 433476
408456 433355
408094 433305
407931 433784
408245 434407
408272 434454
408392 434637
408428 434379
408428 434498
408489 434590
408531 434581
408570 434746
408508 434788
408305 433698
408346 433756
408369 433823
408391 433914
408474 433992
408470 434125
408505 434233
408519 434341
408578 434478
408600 434315
408651 434460
408431 433673
408487 433708
408506 433774
408535 433862
408574 433948
408618 434062
408662 434157
408703 434274
408746 434417
408616 433704
408650 433823
408679 433693
408717 433801
408820 433623
408771 433692
408809 433751
408872 433690
408386 434010
408215 434274
408231 434104
408012 434144
408206 434028
407977 434067
408179 433952
407943 434001
408150 433880
407911 433922
408138 433801
407713 433877
409061 433610
408962 433786
408869 434012
409223 433668
409096 433937
408977 434240
408900 434293
408816 434275
409406 433531
409369 433716
409288 433872
409131 434030
409122 434124
409045 434202
409037 434325
408897 434547
409401 433812
409366 433893
409230 434159
409192 434265
409287 434206
409275 434314
409104 434347
409009 434454
409073 434471
409148 434442
409242 434616
408992 434574
409064 434594
409123 434596
409487 433830
409267 434380
409354 433967
409428 433991
409214 433933
409567 433883
409118 434226
409107 434290
409347 434043
409668 433316
409596 433463
409588 433265
409513 433369
409506 433216
409441 433314
409447 433178
409374 433236
409384 433134
409271 433151
409326 433080
409244 433051
412253 435931
412288 435888
412354 436001
412374 435958
412401 435898
412434 435834
412488 435790
412644 435728
412576 435768
412561 435831
412523 435888
412488 435944
412458 436009
412479 436076
412684 435815
412649 435883
412616 435941
412581 436007
412556 436062
412629 436167
412654 436119
412686 436054
412466 435706
411715 435683
411780 435701
411921 435748
411973 435761
411768 435535
411825 435555
411864 435573
411926 435590
411971 435612
412017 435620
412092 435705
412293 435793
411707 436337
411737 436475
411764 436425
411802 436348
411874 436309
411929 436289
412018 436301
411943 436399
411968 436435
411888 436460
411807 436483
412009 436507
412064 436402
412091 436313
412284 436333
412236 436394
412202 436456
412167 436520
412129 436581
412100 436658
412086 436729
412492 436363
412434 436410
412387 436470
412357 436537
412330 436598
412295 436662
412257 436738
412220 436800
412630 436365
412624 436427
412583 436490
412568 436561
412534 436629
412511 436693
412482 436753
412431 436825
412422 436904
412701 436518
412581 436944
412140 436120
411500 435977
411589 435949
411644 435991
411690 435995
411846 435977
411613 436244
412685 436830
412689 437015
412633 436991
